0	8
1	2
2	9
3	5
4	2
5	0
6	0
7	4
8	3
9	2
10	9
11	9
12	4
13	2
14	7
15	7
16	9
17	9
18	3
19	7
20	0
21	0
22	0
23	3
24	9
25	7
26	6
27	9
28	8
29	9
30	2
31	4
32	9
33	3
34	9
35	7
36	2
37	2
38	3
39	1
40	0
41	4
42	5
43	0
44	9
45	7
46	3
47	9
48	2
49	8
50	4
51	7
52	0
53	9
54	4
55	4
56	3
57	0
58	1
59	9
60	9
61	2
62	8
63	0
64	2
65	3
66	7
67	4
68	0
69	4
70	9
71	0
72	0
73	1
74	9
75	2
76	7
77	2
78	8
79	0
80	5
81	1
82	5
83	8
84	3
85	0
86	6
87	4
88	2
89	0
90	8
91	2
92	9
93	5
94	2
95	7
96	2
97	9
98	4
99	5
100	4
101	9
102	9
103	4
104	2
105	3
106	4
107	4
108	0
109	3
110	9
111	5
112	0
113	3
114	0
115	9
116	0
117	0
118	5
119	2
120	4
121	9
122	0
123	9
124	2
125	5
126	9
127	0
128	2
129	5
130	0
131	9
132	4
133	2
134	9
135	7
136	4
137	4
138	5
139	4
140	3
141	2
142	3
143	3
144	4
145	9
146	3
147	3
148	0
149	8
150	0
151	9
152	9
153	1
154	4
155	0
156	4
157	2
158	5
159	3
160	3
161	3
162	0
163	9
164	2
165	9
166	9
167	5
168	7
169	2
170	0
171	4
172	2
173	7
174	5
175	2
176	0
177	3
178	9
179	5
180	0
181	9
182	3
183	6
184	0
185	3
186	3
187	4
188	0
189	4
190	4
191	4
192	0
193	9
194	5
195	2
196	5
197	0
198	2
199	9
200	0
201	9
202	2
203	0
204	9
205	9
206	2
207	5
208	3
209	4
210	4
211	2
212	7
213	0
214	4
215	2
216	0
217	2
218	3
219	7
220	2
221	2
222	5
223	1
224	0
225	1
226	5
227	5
228	9
229	8
230	8
231	2
232	2
233	9
234	4
235	2
236	2
237	7
238	0
239	0
240	3
241	4
242	0
243	9
244	5
245	5
246	9
247	3
248	9
249	9
250	4
251	1
252	0
253	0
254	2
255	5
256	3
257	2
258	5
259	4
260	4
261	0
262	6
263	3
264	3
265	4
266	5
267	1
268	2
269	2
270	7
271	3
272	9
273	3
274	2
275	5
276	8
277	2
278	2
279	2
280	8
281	0
282	0
283	9
284	3
285	2
286	5
287	3
288	3
289	0
290	3
291	2
292	1
293	4
294	1
295	0
296	0
297	0
298	2
299	0
300	4
301	2
302	6
303	4
304	1
305	2
306	0
307	9
308	9
309	3
310	0
311	4
312	0
313	4
314	2
315	3
316	9
317	0
318	1
319	6
320	9
321	5
322	9
323	9
324	4
325	4
326	5
327	5
328	0
329	3
330	3
331	3
332	6
333	5
334	2
335	4
336	5
337	8
338	9
339	0
340	0
341	7
342	0
343	1
344	2
345	9
346	1
347	9
348	2
349	9
350	2
351	6
352	3
353	8
354	0
355	2
356	3
357	4
358	4
359	3
360	2
361	2
362	2
363	0
364	1
365	4
366	4
367	3
368	9
369	9
370	0
371	4
372	2
373	0
374	2
375	2
376	2
377	6
378	2
379	3
380	2
381	0
382	2
383	2
384	3
385	0
386	3
387	4
388	0
389	2
390	5
391	3
392	2
393	0
394	1
395	6
396	4
397	2
398	3
399	3
400	4
401	3
402	9
403	2
404	7
405	4
406	9
407	9
408	2
409	0
410	2
411	9
412	0
413	6
414	0
415	9
416	3
417	9
418	1
419	9
420	5
421	2
422	6
423	0
424	5
425	3
426	9
427	6
428	2
429	9
430	5
431	0
432	3
433	6
434	4
435	1
436	9
437	5
438	2
439	8
440	4
441	4
442	2
443	8
444	5
445	0
446	6
447	6
448	2
449	2
450	9
451	4
452	7
453	2
454	3
455	0
456	3
457	0
458	3
459	4
460	2
461	4
462	4
463	0
464	1
465	1
466	2
467	3
468	4
469	3
470	5
471	3
472	4
473	0
474	1
475	1
476	2
477	0
478	3
479	8
480	4
481	2
482	7
483	7
484	0
485	9
486	9
487	8
488	6
489	5
490	3
491	9
492	9
493	4
494	4
495	9
496	4
497	2
498	1
499	6
500	2
501	0
502	3
503	1
504	4
505	4
506	3
507	0
508	4
509	2
510	0
511	1
512	2
513	1
514	0
515	3
516	4
517	7
518	7
519	3
520	2
521	2
522	9
523	9
524	4
525	8
526	2
527	0
528	9
529	0
530	2
531	2
532	0
533	2
534	0
535	4
536	9
537	2
538	2
539	3
540	5
541	4
542	3
543	3
544	4
545	3
546	4
547	3
548	9
549	1
550	0
551	4
552	7
553	6
554	8
555	4
556	0
557	3
558	0
559	4
560	2
561	8
562	9
563	4
564	3
565	2
566	2
567	8
568	2
569	8
570	1
571	2
572	4
573	1
574	2
575	3
576	3
577	9
578	3
579	7
580	7
581	3
582	4
583	3
584	4
585	2
586	1
587	8
588	1
589	7
590	4
591	0
592	7
593	4
594	3
595	3
596	0
597	5
598	8
599	0
600	8
601	8
602	3
603	0
604	0
605	2
606	7
607	3
608	3
609	9
610	2
611	0
612	7
613	9
614	0
615	3
616	4
617	1
618	1
619	0
620	8
621	2
622	6
623	1
624	2
625	0
626	4
627	0
628	2
629	2
630	8
631	8
632	3
633	6
634	4
635	8
636	0
637	5
638	6
639	9
640	4
641	5
642	6
643	0
644	1
645	6
646	7
647	9
648	0
649	9
650	1
651	4
652	4
653	4
654	3
655	2
656	2
657	7
658	9
659	5
660	6
661	3
662	3
663	6
664	3
665	0
666	9
667	3
668	9
669	7
670	9
671	0
672	9
673	8
674	2
675	4
676	3
677	4
678	7
679	4
680	2
681	2
682	6
683	8
684	9
685	5
686	2
687	4
688	7
689	2
690	4
691	0
692	5
693	4
694	9
695	2
696	4
697	7
698	0
699	4
700	0
701	1
702	2
703	3
704	6
705	6
706	5
707	3
708	6
709	4
710	0
711	4
712	3
713	7
714	0
715	2
716	3
717	0
718	6
719	1
720	2
721	4
722	4
723	5
724	8
725	1
726	3
727	8
728	0
729	4
730	0
731	0
732	7
733	2
734	4
735	9
736	5
737	2
738	4
739	1
740	4
741	9
742	3
743	8
744	8
745	2
746	6
747	3
748	6
749	5
750	4
751	3
752	5
753	2
754	3
755	4
756	0
757	0
758	3
759	9
760	4
761	4
762	9
763	1
764	0
765	2
766	9
767	3
768	6
769	2
770	0
771	4
772	9
773	8
774	5
775	8
776	9
777	4
778	3
779	3
780	2
781	7
782	2
783	0
784	2
785	6
786	9
787	8
788	3
789	2
790	2
791	5
792	6
793	4
794	2
795	2
796	7
797	2
798	1
799	2
800	4
801	9
802	4
803	5
804	3
805	9
806	2
807	2
808	0
809	3
810	7
811	5
812	3
813	5
814	1
815	4
816	4
817	4
818	2
819	2
820	2
821	8
822	3
823	8
824	9
825	9
826	4
827	9
828	9
829	5
830	0
831	5
832	2
833	2
834	6
835	3
836	2
837	4
838	0
839	7
840	9
841	1
842	3
843	6
844	9
845	9
846	6
847	0
848	0
849	0
850	4
851	7
852	7
853	4
854	7
855	7
856	7
857	0
858	3
859	0
860	3
861	3
862	2
863	2
864	2
865	0
866	8
867	3
868	0
869	0
870	1
871	5
872	4
873	0
874	9
875	4
876	3
877	2
878	8
879	5
880	0
881	9
882	0
883	6
884	8
885	3
886	3
887	7
888	0
889	9
890	0
891	8
892	7
893	4
894	7
895	9
896	1
897	3
898	5
899	3
900	7
901	6
902	6
903	0
904	3
905	2
906	6
907	9
908	3
909	3
910	4
911	9
912	4
913	3
914	3
915	5
916	2
917	0
918	9
919	9
920	8
921	4
922	3
923	0
924	2
925	2
926	2
927	5
928	0
929	9
930	2
931	4
932	6
933	2
934	2
935	4
936	5
937	9
938	7
939	2
940	3
941	2
942	9
943	7
944	7
945	7
946	0
947	0
948	4
949	2
950	2
951	0
952	4
953	4
954	6
955	0
956	1
957	0
958	2
959	6
960	0
961	0
962	6
963	5
964	3
965	8
966	0
967	8
968	5
969	9
970	4
971	3
972	0
973	2
974	4
975	0
976	7
977	2
978	2
979	3
980	5
981	2
982	9
983	3
984	5
985	8
986	9
987	9
988	9
989	2
990	3
991	2
992	0
993	7
994	4
995	4
996	3
997	0
998	6
999	7
1000	2
1001	3
1002	2
1003	5
1004	2
1005	2
1006	0
1007	3
1008	0
1009	4
1010	9
1011	3
1012	9
1013	4
1014	5
1015	0
1016	7
1017	9
1018	3
1019	6
1020	7
1021	5
1022	4
1023	2
1024	9
1025	1
1026	3
1027	4
1028	2
1029	2
1030	0
1031	4
1032	9
1033	1
1034	4
1035	3
1036	3
1037	4
1038	9
1039	4
1040	9
1041	2
1042	5
1043	7
1044	6
1045	3
1046	1
1047	9
1048	7
1049	2
1050	0
1051	4
1052	5
1053	0
1054	5
1055	3
1056	1
1057	4
1058	3
1059	0
1060	5
1061	0
1062	3
1063	3
1064	4
1065	7
1066	0
1067	1
1068	4
1069	3
1070	4
1071	0
1072	2
1073	4
1074	4
1075	5
1076	3
1077	1
1078	9
1079	1
1080	9
1081	0
1082	4
1083	5
1084	4
1085	9
1086	4
1087	8
1088	4
1089	9
1090	8
1091	2
1092	9
1093	0
1094	5
1095	0
1096	2
1097	0
1098	8
1099	7
1100	4
1101	7
1102	0
1103	0
1104	7
1105	2
1106	0
1107	9
1108	6
1109	3
1110	2
1111	3
1112	6
1113	0
1114	8
1115	5
1116	7
1117	2
1118	2
1119	4
1120	9
1121	0
1122	4
1123	8
1124	3
1125	4
1126	4
1127	5
1128	3
1129	9
1130	5
1131	6
1132	3
1133	2
1134	0
1135	3
1136	9
1137	4
1138	3
1139	0
1140	8
1141	2
1142	5
1143	9
1144	1
1145	5
1146	7
1147	3
1148	0
1149	3
1150	2
1151	9
1152	9
1153	1
1154	1
1155	7
1156	2
1157	9
1158	0
1159	2
1160	0
1161	2
1162	0
1163	2
1164	3
1165	9
1166	0
1167	3
1168	2
1169	6
1170	3
1171	4
1172	4
1173	3
1174	3
1175	5
1176	9
1177	0
1178	0
1179	1
1180	7
1181	7
1182	2
1183	9
1184	3
1185	0
1186	9
1187	2
1188	2
1189	7
1190	3
1191	9
1192	9
1193	3
1194	0
1195	9
1196	0
1197	9
1198	9
1199	6
1200	7
1201	3
1202	8
1203	7
1204	3
1205	0
1206	3
1207	2
1208	4
1209	2
1210	9
1211	9
1212	3
1213	6
1214	4
1215	4
1216	3
1217	2
1218	2
1219	1
1220	4
1221	9
1222	1
1223	8
1224	3
1225	2
1226	0
1227	3
1228	7
1229	1
1230	3
1231	8
1232	2
1233	3
1234	3
1235	7
1236	9
1237	0
1238	4
1239	2
1240	0
1241	1
1242	3
1243	9
1244	1
1245	1
1246	4
1247	2
1248	5
1249	7
1250	0
1251	2
1252	2
1253	0
1254	1
1255	4
1256	9
1257	4
1258	0
1259	4
1260	9
1261	3
1262	4
1263	1
1264	5
1265	4
1266	4
1267	0
1268	4
1269	4
1270	0
1271	4
1272	3
1273	5
1274	8
1275	1
1276	0
1277	3
1278	5
1279	1
1280	4
1281	9
1282	5
1283	5
1284	3
1285	2
1286	4
1287	3
1288	9
1289	9
1290	5
1291	2
1292	7
1293	3
1294	5
1295	2
1296	4
1297	5
1298	1
1299	0
1300	0
1301	9
1302	9
1303	4
1304	9
1305	5
1306	1
1307	4
1308	2
1309	4
1310	9
1311	2
1312	9
1313	2
1314	9
1315	7
1316	1
1317	5
1318	6
1319	1
1320	6
1321	5
1322	8
1323	6
1324	8
1325	3
1326	3
1327	0
1328	5
1329	0
1330	8
1331	4
1332	5
1333	8
1334	4
1335	1
1336	6
1337	2
1338	3
1339	4
1340	0
1341	0
1342	9
1343	0
1344	0
1345	2
1346	0
1347	3
1348	1
1349	4
1350	0
1351	9
1352	3
1353	9
1354	2
1355	1
1356	4
1357	9
1358	3
1359	0
1360	3
1361	3
1362	1
1363	1
1364	2
1365	4
1366	7
1367	3
1368	2
1369	5
1370	2
1371	0
1372	9
1373	1
1374	3
1375	1
1376	4
1377	4
1378	3
1379	0
1380	0
1381	4
1382	1
1383	0
1384	3
1385	3
1386	0
1387	5
1388	9
1389	0
1390	9
1391	2
1392	2
1393	7
1394	9
1395	4
1396	4
1397	9
1398	0
1399	1
1400	5
1401	3
1402	5
1403	6
1404	3
1405	3
1406	3
1407	1
1408	6
1409	3
1410	3
1411	2
1412	0
1413	4
1414	0
1415	5
1416	2
1417	2
1418	0
1419	0
1420	0
1421	4
1422	7
1423	9
1424	0
1425	1
1426	6
1427	0
1428	1
1429	4
1430	3
1431	3
1432	4
1433	0
1434	9
1435	3
1436	4
1437	3
1438	4
1439	9
1440	3
1441	0
1442	8
1443	2
1444	2
1445	3
1446	4
1447	2
1448	3
1449	4
1450	9
1451	8
1452	2
1453	8
1454	9
1455	3
1456	7
1457	0
1458	6
1459	7
1460	8
1461	0
1462	2
1463	3
1464	0
1465	5
1466	3
1467	4
1468	2
1469	0
1470	0
1471	3
1472	3
1473	0
1474	9
1475	0
1476	2
1477	2
1478	3
1479	8
1480	9
1481	9
1482	3
1483	9
1484	3
1485	3
1486	4
1487	4
1488	0
1489	7
1490	4
1491	9
1492	3
1493	2
1494	1
1495	0
1496	4
1497	3
1498	8
1499	9
1500	0
1501	6
1502	7
1503	4
1504	3
1505	0
1506	0
1507	5
1508	6
1509	9
1510	3
1511	1
1512	0
1513	8
1514	0
1515	4
1516	4
1517	6
1518	0
1519	0
1520	5
1521	2
1522	9
1523	2
1524	5
1525	2
1526	5
1527	0
1528	9
1529	2
1530	0
1531	0
1532	3
1533	4
1534	0
1535	3
1536	6
1537	0
1538	2
1539	3
1540	0
1541	2
1542	4
1543	9
1544	4
1545	4
1546	7
1547	3
1548	0
1549	0
1550	1
1551	1
1552	7
1553	2
1554	0
1555	2
1556	3
1557	8
1558	3
1559	2
1560	9
1561	0
1562	7
1563	2
1564	4
1565	4
1566	0
1567	7
1568	9
1569	2
1570	5
1571	0
1572	1
1573	2
1574	9
1575	3
1576	0
1577	8
1578	8
1579	8
1580	2
1581	2
1582	9
1583	9
1584	9
1585	2
1586	9
1587	4
1588	4
1589	4
1590	5
1591	9
1592	1
1593	0
1594	4
1595	5
1596	2
1597	3
1598	0
1599	3
1600	3
1601	2
1602	1
1603	2
1604	3
1605	1
1606	0
1607	0
1608	2
1609	3
1610	2
1611	0
1612	3
1613	0
1614	0
1615	2
1616	3
1617	2
1618	9
1619	4
1620	3
1621	3
1622	2
1623	1
1624	0
1625	0
1626	7
1627	0
1628	8
1629	4
1630	5
1631	5
1632	1
1633	2
1634	0
1635	8
1636	2
1637	2
1638	2
1639	5
1640	5
1641	0
1642	4
1643	3
1644	5
1645	6
1646	1
1647	8
1648	6
1649	9
1650	5
1651	0
1652	8
1653	0
1654	2
1655	2
1656	9
1657	3
1658	1
1659	4
1660	9
1661	9
1662	2
1663	8
1664	3
1665	8
1666	8
1667	3
1668	5
1669	1
1670	9
1671	0
1672	5
1673	8
1674	2
1675	3
1676	2
1677	0
1678	2
1679	0
1680	2
1681	4
1682	3
1683	5
1684	2
1685	2
1686	4
1687	9
1688	8
1689	3
1690	9
1691	4
1692	3
1693	2
1694	4
1695	3
1696	3
1697	8
1698	0
1699	0
1700	9
1701	4
1702	3
1703	0
1704	6
1705	7
1706	2
1707	3
1708	7
1709	3
1710	2
1711	6
1712	0
1713	6
1714	0
1715	0
1716	4
1717	4
1718	0
1719	6
1720	2
1721	8
1722	2
1723	3
1724	8
1725	2
1726	9
1727	2
1728	3
1729	6
1730	3
1731	8
1732	1
1733	4
1734	6
1735	2
1736	2
1737	7
1738	4
1739	0
1740	4
1741	0
1742	3
1743	1
1744	2
1745	2
1746	9
1747	2
1748	8
1749	2
1750	5
1751	3
1752	2
1753	7
1754	2
1755	7
1756	9
1757	2
1758	1
1759	4
1760	8
1761	8
1762	2
1763	0
1764	3
1765	9
1766	9
1767	8
1768	4
1769	1
1770	2
1771	3
1772	9
1773	3
1774	0
1775	9
1776	3
1777	9
1778	4
1779	7
1780	2
1781	0
1782	3
1783	2
1784	0
1785	4
1786	6
1787	2
1788	9
1789	9
1790	9
1791	3
1792	0
1793	7
1794	1
1795	2
1796	7
1797	9
1798	3
1799	3
1800	8
1801	0
1802	0
1803	4
1804	5
1805	4
1806	2
1807	3
1808	0
1809	5
1810	6
1811	0
1812	0
1813	9
1814	5
1815	2
1816	4
1817	2
1818	3
1819	2
1820	0
1821	6
1822	0
1823	5
1824	2
1825	0
1826	0
1827	7
1828	0
1829	3
1830	4
1831	8
1832	4
1833	5
1834	9
1835	2
1836	9
1837	3
1838	7
1839	6
1840	0
1841	7
1842	4
1843	4
1844	0
1845	3
1846	1
1847	2
1848	3
1849	7
1850	4
1851	4
1852	2
1853	2
1854	0
1855	2
1856	0
1857	9
1858	8
1859	6
1860	9
1861	4
1862	0
1863	2
1864	1
1865	2
1866	3
1867	6
1868	0
1869	2
1870	3
1871	4
1872	5
1873	4
1874	9
1875	5
1876	2
1877	9
1878	9
1879	0
1880	4
1881	3
1882	6
1883	1
1884	2
1885	4
1886	8
1887	4
1888	4
1889	2
1890	2
1891	0
1892	6
1893	2
1894	2
1895	0
1896	2
1897	3
1898	3
1899	0
1900	8
1901	9
1902	7
1903	3
1904	4
1905	2
1906	4
1907	7
1908	9
1909	9
1910	3
1911	6
1912	4
1913	0
1914	7
1915	0
1916	4
1917	9
1918	9
1919	3
1920	4
1921	0
1922	9
1923	0
1924	8
1925	9
1926	0
1927	1
1928	9
1929	9
1930	0
1931	1
1932	9
1933	4
1934	6
1935	4
1936	9
1937	4
1938	6
1939	4
1940	6
1941	4
1942	9
1943	0
1944	3
1945	4
1946	3
1947	9
1948	9
1949	1
1950	9
1951	3
1952	4
1953	0
1954	0
1955	4
1956	0
1957	2
1958	2
1959	2
1960	9
1961	3
1962	0
1963	4
1964	2
1965	0
1966	4
1967	2
1968	1
1969	0
1970	0
1971	1
1972	4
1973	1
1974	7
1975	5
1976	4
1977	4
1978	2
1979	3
1980	1
1981	4
1982	5
1983	2
1984	7
1985	8
1986	3
1987	9
1988	0
1989	9
1990	3
1991	0
1992	4
1993	4
1994	5
1995	2
1996	1
1997	6
1998	3
1999	9
2000	9
2001	9
2002	0
2003	6
2004	0
2005	3
2006	3
2007	4
2008	9
2009	7
2010	5
2011	4
2012	4
2013	9
2014	3
2015	0
2016	2
2017	0
2018	3
2019	1
2020	2
2021	0
2022	2
2023	3
2024	2
2025	0
2026	0
2027	6
2028	5
2029	3
2030	2
2031	0
2032	4
2033	2
2034	4
2035	7
2036	3
2037	7
2038	3
2039	2
2040	4
2041	2
2042	0
2043	1
2044	8
2045	3
2046	7
2047	3
2048	4
2049	3
2050	0
2051	0
2052	0
2053	0
2054	4
2055	3
2056	4
2057	2
2058	7
2059	1
2060	2
2061	9
2062	0
2063	3
2064	0
2065	6
2066	9
2067	2
2068	2
2069	6
2070	4
2071	6
2072	2
2073	0
2074	3
2075	4
2076	2
2077	4
2078	5
2079	0
2080	9
2081	3
2082	3
2083	9
2084	0
2085	5
2086	2
2087	4
2088	2
2089	0
2090	0
2091	5
2092	5
2093	2
2094	9
2095	3
2096	3
2097	3
2098	0
2099	9
2100	0
2101	9
2102	5
2103	3
2104	4
2105	9
2106	4
2107	4
2108	8
2109	6
2110	2
2111	1
2112	5
2113	0
2114	3
2115	9
2116	0
2117	8
2118	3
2119	3
2120	8
2121	7
2122	6
2123	3
2124	3
2125	4
2126	8
2127	3
2128	4
2129	3
2130	0
2131	2
2132	7
2133	7
2134	5
2135	7
2136	2
2137	4
2138	0
2139	3
2140	4
2141	9
2142	4
2143	7
2144	8
2145	9
2146	3
2147	5
2148	3
2149	2
2150	6
2151	9
2152	5
2153	4
2154	3
2155	5
2156	2
2157	9
2158	4
2159	9
2160	3
2161	9
2162	2
2163	7
2164	9
2165	6
2166	3
2167	3
2168	3
2169	7
2170	5
2171	2
2172	3
2173	2
2174	9
2175	3
2176	2
2177	4
2178	0
2179	8
2180	2
2181	1
2182	0
2183	9
2184	2
2185	0
2186	5
2187	9
2188	3
2189	9
2190	4
2191	9
2192	4
2193	5
2194	0
2195	8
2196	9
2197	9
2198	9
2199	9
2200	8
2201	9
2202	4
2203	9
2204	9
2205	5
2206	3
2207	2
2208	2
2209	8
2210	9
2211	4
2212	3
2213	2
2214	3
2215	0
2216	4
2217	9
2218	2
2219	2
2220	3
2221	0
2222	1
2223	3
2224	0
2225	3
2226	4
2227	9
2228	4
2229	3
2230	4
2231	2
2232	2
2233	0
2234	2
2235	5
2236	5
2237	2
2238	8
2239	7
2240	4
2241	3
2242	5
2243	0
2244	0
2245	0
2246	5
2247	3
2248	3
2249	9
2250	9
2251	9
2252	3
2253	3
2254	3
2255	2
2256	4
2257	8
2258	0
2259	9
2260	0
2261	0
2262	2
2263	2
2264	3
2265	3
2266	0
2267	9
2268	1
2269	2
2270	9
2271	4
2272	7
2273	6
2274	7
2275	9
2276	4
2277	2
2278	8
2279	0
2280	0
2281	3
2282	5
2283	1
2284	3
2285	6
2286	3
2287	9
2288	4
2289	2
2290	3
2291	2
2292	2
2293	2
2294	1
2295	7
2296	5
2297	9
2298	9
2299	1
2300	3
2301	0
2302	2
2303	2
2304	3
2305	7
2306	4
2307	9
2308	2
2309	3
2310	2
2311	8
2312	8
2313	3
2314	9
2315	3
2316	0
2317	1
2318	0
2319	7
2320	3
2321	9
2322	3
2323	4
2324	3
2325	7
2326	0
2327	9
2328	9
2329	1
2330	9
2331	4
2332	0
2333	7
2334	7
2335	2
2336	9
2337	1
2338	7
2339	4
2340	1
2341	4
2342	4
2343	3
2344	4
2345	0
2346	1
2347	0
2348	9
2349	0
2350	2
2351	9
2352	8
2353	0
2354	7
2355	4
2356	9
2357	3
2358	8
2359	3
2360	7
2361	6
2362	2
2363	3
2364	4
2365	9
2366	4
2367	0
2368	9
2369	4
2370	5
2371	0
2372	2
2373	3
2374	0
2375	0
2376	0
2377	4
2378	9
2379	7
2380	3
2381	2
2382	5
2383	7
2384	8
2385	0
2386	3
2387	4
2388	7
2389	0
2390	2
2391	5
2392	9
2393	7
2394	9
2395	7
2396	4
2397	9
2398	5
2399	9
600	8
601	8
602	3
603	0
604	0
605	2
606	7
607	3
608	3
609	9
610	2
611	0
612	7
613	9
614	0
615	3
616	4
617	1
618	1
619	0
620	8
621	2
622	6
623	1
624	2
625	0
626	4
627	0
628	2
629	2
630	8
631	8
632	3
633	6
634	4
635	8
636	0
637	5
638	6
639	9
640	4
641	5
642	6
643	0
644	1
645	6
646	7
647	9
648	0
649	9
650	1
651	4
652	4
653	4
654	3
655	2
656	2
657	7
658	9
659	5
660	6
661	3
662	3
663	6
664	3
665	0
666	9
667	3
668	9
669	7
670	9
671	0
672	9
673	8
674	2
675	4
676	3
677	4
678	7
679	4
680	2
681	2
682	6
683	8
684	9
685	5
686	2
687	4
688	7
689	2
690	4
691	0
692	5
693	4
694	9
695	2
696	4
697	7
698	0
699	4
700	0
701	1
702	2
703	3
704	6
705	6
706	5
707	3
708	6
709	4
710	0
711	4
712	3
713	7
714	0
715	2
716	3
717	0
718	6
719	1
720	2
721	4
722	4
723	5
724	8
725	1
726	3
727	8
728	0
729	4
730	0
731	0
732	7
733	2
734	4
735	9
736	5
737	2
738	4
739	1
740	4
741	9
742	3
743	8
744	8
745	2
746	6
747	3
748	6
749	5
750	4
751	3
752	5
753	2
754	3
755	4
756	0
757	0
758	3
759	9
760	4
761	4
762	9
763	1
764	0
765	2
766	9
767	3
768	6
769	2
770	0
771	4
772	9
773	8
774	5
775	8
776	9
777	4
778	3
779	3
780	2
781	7
782	2
783	0
784	2
785	6
786	9
787	8
788	3
789	2
790	2
791	5
792	6
793	4
794	2
795	2
796	7
797	2
798	1
799	2
800	4
801	9
802	4
803	5
804	3
805	9
806	2
807	2
808	0
809	3
810	7
811	5
812	3
813	5
814	1
815	4
816	4
817	4
818	2
819	2
820	2
821	8
822	3
823	8
824	9
825	9
826	4
827	9
828	9
829	5
830	0
831	5
832	2
833	2
834	6
835	3
836	2
837	4
838	0
839	7
840	9
841	1
842	3
843	6
844	9
845	9
846	6
847	0
848	0
849	0
850	4
851	7
852	7
853	4
854	7
855	7
856	7
857	0
858	3
859	0
860	3
861	3
862	2
863	2
864	2
865	0
866	8
867	3
868	0
869	0
870	1
871	5
872	4
873	0
874	9
875	4
876	3
877	2
878	8
879	5
880	0
881	9
882	0
883	6
884	8
885	3
886	3
887	7
888	0
889	9
890	0
891	8
892	7
893	4
894	7
895	9
896	1
897	3
898	5
899	3
900	7
901	6
902	6
903	0
904	3
905	2
906	6
907	9
908	3
909	3
910	4
911	9
912	4
913	3
914	3
915	5
916	2
917	0
918	9
919	9
920	8
921	4
922	3
923	0
924	2
925	2
926	2
927	5
928	0
929	9
930	2
931	4
932	6
933	2
934	2
935	4
936	5
937	9
938	7
939	2
940	3
941	2
942	9
943	7
944	7
945	7
946	0
947	0
948	4
949	2
950	2
951	0
952	4
953	4
954	6
955	0
956	1
957	0
958	2
959	6
960	0
961	0
962	6
963	5
964	3
965	8
966	0
967	8
968	5
969	9
970	4
971	3
972	0
973	2
974	4
975	0
976	7
977	2
978	2
979	3
980	5
981	2
982	9
983	3
984	5
985	8
986	9
987	9
988	9
989	2
990	3
991	2
992	0
993	7
994	4
995	4
996	3
997	0
998	6
999	7
1000	2
1001	3
1002	2
1003	5
1004	2
1005	2
1006	0
1007	3
1008	0
1009	4
1010	9
1011	3
1012	9
1013	4
1014	5
1015	0
1016	7
1017	9
1018	3
1019	6
1020	7
1021	5
1022	4
1023	2
1024	9
1025	1
1026	3
1027	4
1028	2
1029	2
1030	0
1031	4
1032	9
1033	1
1034	4
1035	3
1036	3
1037	4
1038	9
1039	4
1040	9
1041	2
1042	5
1043	7
1044	6
1045	3
1046	1
1047	9
1048	7
1049	2
1050	0
1051	4
1052	5
1053	0
1054	5
1055	3
1056	1
1057	4
1058	3
1059	0
1060	5
1061	0
1062	3
1063	3
1064	4
1065	7
1066	0
1067	1
1068	4
1069	3
1070	4
1071	0
1072	2
1073	4
1074	4
1075	5
1076	3
1077	1
1078	9
1079	1
1080	9
1081	0
1082	4
1083	5
1084	4
1085	9
1086	4
1087	8
1088	4
1089	9
1090	8
1091	2
1092	9
1093	0
1094	5
1095	0
1096	2
1097	0
1098	8
1099	7
1100	4
1101	7
1102	0
1103	0
1104	7
1105	2
1106	0
1107	9
1108	6
1109	3
1110	2
1111	3
1112	6
1113	0
1114	8
1115	5
1116	7
1117	2
1118	2
1119	4
1120	9
1121	0
1122	4
1123	8
1124	3
1125	4
1126	4
1127	5
1128	3
1129	9
1130	5
1131	6
1132	3
1133	2
1134	0
1135	3
1136	9
1137	4
1138	3
1139	0
1140	8
1141	2
1142	5
1143	9
1144	1
1145	5
1146	7
1147	3
1148	0
1149	3
1150	2
1151	9
1152	9
1153	1
1154	1
1155	7
1156	2
1157	9
1158	0
1159	2
1160	0
1161	2
1162	0
1163	2
1164	3
1165	9
1166	0
1167	3
1168	2
1169	6
1170	3
1171	4
1172	4
1173	3
1174	3
1175	5
1176	9
1177	0
1178	0
1179	1
1180	7
1181	7
1182	2
1183	9
1184	3
1185	0
1186	9
1187	2
1188	2
1189	7
1190	3
1191	9
1192	9
1193	3
1194	0
1195	9
1196	0
1197	9
1198	9
1199	6
1200	7
1201	3
1202	8
1203	7
1204	3
1205	0
1206	3
1207	2
1208	4
1209	2
1210	9
1211	9
1212	3
1213	6
1214	4
1215	4
1216	3
1217	2
1218	2
1219	1
1220	4
1221	9
1222	1
1223	8
1224	3
1225	2
1226	0
1227	3
1228	7
1229	1
1230	3
1231	8
1232	2
1233	3
1234	3
1235	7
1236	9
1237	0
1238	4
1239	2
1240	0
1241	1
1242	3
1243	9
1244	1
1245	1
1246	4
1247	2
1248	5
1249	7
1250	0
1251	2
1252	2
1253	0
1254	1
1255	4
1256	9
1257	4
1258	0
1259	4
1260	9
1261	3
1262	4
1263	1
1264	5
1265	4
1266	4
1267	0
1268	4
1269	4
1270	0
1271	4
1272	3
1273	5
1274	8
1275	1
1276	0
1277	3
1278	5
1279	1
1280	4
1281	9
1282	5
1283	5
1284	3
1285	2
1286	4
1287	3
1288	9
1289	9
1290	5
1291	2
1292	7
1293	3
1294	5
1295	2
1296	4
1297	5
1298	1
1299	0
1300	0
1301	9
1302	9
1303	4
1304	9
1305	5
1306	1
1307	4
1308	2
1309	4
1310	9
1311	2
1312	9
1313	2
1314	9
1315	7
1316	1
1317	5
1318	6
1319	1
1320	6
1321	5
1322	8
1323	6
1324	8
1325	3
1326	3
1327	0
1328	5
1329	0
1330	8
1331	4
1332	5
1333	8
1334	4
1335	1
1336	6
1337	2
1338	3
1339	4
1340	0
1341	0
1342	9
1343	0
1344	0
1345	2
1346	0
1347	3
1348	1
1349	4
1350	0
1351	9
1352	3
1353	9
1354	2
1355	1
1356	4
1357	9
1358	3
1359	0
1360	3
1361	3
1362	1
1363	1
1364	2
1365	4
1366	7
1367	3
1368	2
1369	5
1370	2
1371	0
1372	9
1373	1
1374	3
1375	1
1376	4
1377	4
1378	3
1379	0
1380	0
1381	4
1382	1
1383	0
1384	3
1385	3
1386	0
1387	5
1388	9
1389	0
1390	9
1391	2
1392	2
1393	7
1394	9
1395	4
1396	4
1397	9
1398	0
1399	1
1400	5
1401	3
1402	5
1403	6
1404	3
1405	3
1406	3
1407	1
1408	6
1409	3
1410	3
1411	2
1412	0
1413	4
1414	0
1415	5
1416	2
1417	2
1418	0
1419	0
1420	0
1421	4
1422	7
1423	9
1424	0
1425	1
1426	6
1427	0
1428	1
1429	4
1430	3
1431	3
1432	4
1433	0
1434	9
1435	3
1436	4
1437	3
1438	4
1439	9
1440	3
1441	0
1442	8
1443	2
1444	2
1445	3
1446	4
1447	2
1448	3
1449	4
1450	9
1451	8
1452	2
1453	8
1454	9
1455	3
1456	7
1457	0
1458	6
1459	7
1460	8
1461	0
1462	2
1463	3
1464	0
1465	5
1466	3
1467	4
1468	2
1469	0
1470	0
1471	3
1472	3
1473	0
1474	9
1475	0
1476	2
1477	2
1478	3
1479	8
1480	9
1481	9
1482	3
1483	9
1484	3
1485	3
1486	4
1487	4
1488	0
1489	7
1490	4
1491	9
1492	3
1493	2
1494	1
1495	0
1496	4
1497	3
1498	8
1499	9
1500	0
1501	6
1502	7
1503	4
1504	3
1505	0
1506	0
1507	5
1508	6
1509	9
1510	3
1511	1
1512	0
1513	8
1514	0
1515	4
1516	4
1517	6
1518	0
1519	0
1520	5
1521	2
1522	9
1523	2
1524	5
1525	2
1526	5
1527	0
1528	9
1529	2
1530	0
1531	0
1532	3
1533	4
1534	0
1535	3
1536	6
1537	0
1538	2
1539	3
1540	0
1541	2
1542	4
1543	9
1544	4
1545	4
1546	7
1547	3
1548	0
1549	0
1550	1
1551	1
1552	7
1553	2
1554	0
1555	2
1556	3
1557	8
1558	3
1559	2
1560	9
1561	0
1562	7
1563	2
1564	4
1565	4
1566	0
1567	7
1568	9
1569	2
1570	5
1571	0
1572	1
1573	2
1574	9
1575	3
1576	0
1577	8
1578	8
1579	8
1580	2
1581	2
1582	9
1583	9
1584	9
1585	2
1586	9
1587	4
1588	4
1589	4
1590	5
1591	9
1592	1
1593	0
1594	4
1595	5
1596	2
1597	3
1598	0
1599	3
1600	3
1601	2
1602	1
1603	2
1604	3
1605	1
1606	0
1607	0
1608	2
1609	3
1610	2
1611	0
1612	3
1613	0
1614	0
1615	2
1616	3
1617	2
1618	9
1619	4
1620	3
1621	3
1622	2
1623	1
1624	0
1625	0
1626	7
1627	0
1628	8
1629	4
1630	5
1631	5
1632	1
1633	2
1634	0
1635	8
1636	2
1637	2
1638	2
1639	5
1640	5
1641	0
1642	4
1643	3
1644	5
1645	6
1646	1
1647	8
1648	6
1649	9
1650	5
1651	0
1652	8
1653	0
1654	2
1655	2
1656	9
1657	3
1658	1
1659	4
1660	9
1661	9
1662	2
1663	8
1664	3
1665	8
1666	8
1667	3
1668	5
1669	1
1670	9
1671	0
1672	5
1673	8
1674	2
1675	3
1676	2
1677	0
1678	2
1679	0
1680	2
1681	4
1682	3
1683	5
1684	2
1685	2
1686	4
1687	9
1688	8
1689	3
1690	9
1691	4
1692	3
1693	2
1694	4
1695	3
1696	3
1697	8
1698	0
1699	0
1700	9
1701	4
1702	3
1703	0
1704	6
1705	7
1706	2
1707	3
1708	7
1709	3
1710	2
1711	6
1712	0
1713	6
1714	0
1715	0
1716	4
1717	4
1718	0
1719	6
1720	2
1721	8
1722	2
1723	3
1724	8
1725	2
1726	9
1727	2
1728	3
1729	6
1730	3
1731	8
1732	1
1733	4
1734	6
1735	2
1736	2
1737	7
1738	4
1739	0
1740	4
1741	0
1742	3
1743	1
1744	2
1745	2
1746	9
1747	2
1748	8
1749	2
1750	5
1751	3
1752	2
1753	7
1754	2
1755	7
1756	9
1757	2
1758	1
1759	4
1760	8
1761	8
1762	2
1763	0
1764	3
1765	9
1766	9
1767	8
1768	4
1769	1
1770	2
1771	3
1772	9
1773	3
1774	0
1775	9
1776	3
1777	9
1778	4
1779	7
1780	2
1781	0
1782	3
1783	2
1784	0
1785	4
1786	6
1787	2
1788	9
1789	9
1790	9
1791	3
1792	0
1793	7
1794	1
1795	2
1796	7
1797	9
1798	3
1799	3
1800	8
1801	0
1802	0
1803	4
1804	5
1805	4
1806	2
1807	3
1808	0
1809	5
1810	6
1811	0
1812	0
1813	9
1814	5
1815	2
1816	4
1817	2
1818	3
1819	2
1820	0
1821	6
1822	0
1823	5
1824	2
1825	0
1826	0
1827	7
1828	0
1829	3
1830	4
1831	8
1832	4
1833	5
1834	9
1835	2
1836	9
1837	3
1838	7
1839	6
1840	0
1841	7
1842	4
1843	4
1844	0
1845	3
1846	1
1847	2
1848	3
1849	7
1850	4
1851	4
1852	2
1853	2
1854	0
1855	2
1856	0
1857	9
1858	8
1859	6
1860	9
1861	4
1862	0
1863	2
1864	1
1865	2
1866	3
1867	6
1868	0
1869	2
1870	3
1871	4
1872	5
1873	4
1874	9
1875	5
1876	2
1877	9
1878	9
1879	0
1880	4
1881	3
1882	6
1883	1
1884	2
1885	4
1886	8
1887	4
1888	4
1889	2
1890	2
1891	0
1892	6
1893	2
1894	2
1895	0
1896	2
1897	3
1898	3
1899	0
1900	8
1901	9
1902	7
1903	3
1904	4
1905	2
1906	4
1907	7
1908	9
1909	9
1910	3
1911	6
1912	4
1913	0
1914	7
1915	0
1916	4
1917	9
1918	9
1919	3
1920	4
1921	0
1922	9
1923	0
1924	8
1925	9
1926	0
1927	1
1928	9
1929	9
1930	0
1931	1
1932	9
1933	4
1934	6
1935	4
1936	9
1937	4
1938	6
1939	4
1940	6
1941	4
1942	9
1943	0
1944	3
1945	4
1946	3
1947	9
1948	9
1949	1
1950	9
1951	3
1952	4
1953	0
1954	0
1955	4
1956	0
1957	2
1958	2
1959	2
1960	9
1961	3
1962	0
1963	4
1964	2
1965	0
1966	4
1967	2
1968	1
1969	0
1970	0
1971	1
1972	4
1973	1
1974	7
1975	5
1976	4
1977	4
1978	2
1979	3
1980	1
1981	4
1982	5
1983	2
1984	7
1985	8
1986	3
1987	9
1988	0
1989	9
1990	3
1991	0
1992	4
1993	4
1994	5
1995	2
1996	1
1997	6
1998	3
1999	9
2000	9
2001	9
2002	0
2003	6
2004	0
2005	3
2006	3
2007	4
2008	9
2009	7
2010	5
2011	4
2012	4
2013	9
2014	3
2015	0
2016	2
2017	0
2018	3
2019	1
2020	2
2021	0
2022	2
2023	3
2024	2
2025	0
2026	0
2027	6
2028	5
2029	3
2030	2
2031	0
2032	4
2033	2
2034	4
2035	7
2036	3
2037	7
2038	3
2039	2
2040	4
2041	2
2042	0
2043	1
2044	8
2045	3
2046	7
2047	3
2048	4
2049	3
2050	0
2051	0
2052	0
2053	0
2054	4
2055	3
2056	4
2057	2
2058	7
2059	1
2060	2
2061	9
2062	0
2063	3
2064	0
2065	6
2066	9
2067	2
2068	2
2069	6
2070	4
2071	6
2072	2
2073	0
2074	3
2075	4
2076	2
2077	4
2078	5
2079	0
2080	9
2081	3
2082	3
2083	9
2084	0
2085	5
2086	2
2087	4
2088	2
2089	0
2090	0
2091	5
2092	5
2093	2
2094	9
2095	3
2096	3
2097	3
2098	0
2099	9
2100	0
2101	9
2102	5
2103	3
2104	4
2105	9
2106	4
2107	4
2108	8
2109	6
2110	2
2111	1
2112	5
2113	0
2114	3
2115	9
2116	0
2117	8
2118	3
2119	3
2120	8
2121	7
2122	6
2123	3
2124	3
2125	4
2126	8
2127	3
2128	4
2129	3
2130	0
2131	2
2132	7
2133	7
2134	5
2135	7
2136	2
2137	4
2138	0
2139	3
2140	4
2141	9
2142	4
2143	7
2144	8
2145	9
2146	3
2147	5
2148	3
2149	2
2150	6
2151	9
2152	5
2153	4
2154	3
2155	5
2156	2
2157	9
2158	4
2159	9
2160	3
2161	9
2162	2
2163	7
2164	9
2165	6
2166	3
2167	3
2168	3
2169	7
2170	5
2171	2
2172	3
2173	2
2174	9
2175	3
2176	2
2177	4
2178	0
2179	8
2180	2
2181	1
2182	0
2183	9
2184	2
2185	0
2186	5
2187	9
2188	3
2189	9
2190	4
2191	9
2192	4
2193	5
2194	0
2195	8
2196	9
2197	9
2198	9
2199	9
2200	8
2201	9
2202	4
2203	9
2204	9
2205	5
2206	3
2207	2
2208	2
2209	8
2210	9
2211	4
2212	3
2213	2
2214	3
2215	0
2216	4
2217	9
2218	2
2219	2
2220	3
2221	0
2222	1
2223	3
2224	0
2225	3
2226	4
2227	9
2228	4
2229	3
2230	4
2231	2
2232	2
2233	0
2234	2
2235	5
2236	5
2237	2
2238	8
2239	7
2240	4
2241	3
2242	5
2243	0
2244	0
2245	0
2246	5
2247	3
2248	3
2249	9
2250	9
2251	9
2252	3
2253	3
2254	3
2255	2
2256	4
2257	8
2258	0
2259	9
2260	0
2261	0
2262	2
2263	2
2264	3
2265	3
2266	0
2267	9
2268	1
2269	2
2270	9
2271	4
2272	7
2273	6
2274	7
2275	9
2276	4
2277	2
2278	8
2279	0
2280	0
2281	3
2282	5
2283	1
2284	3
2285	6
2286	3
2287	9
2288	4
2289	2
2290	3
2291	2
2292	2
2293	2
2294	1
2295	7
2296	5
2297	9
2298	9
2299	1
2300	3
2301	0
2302	2
2303	2
2304	3
2305	7
2306	4
2307	9
2308	2
2309	3
2310	2
2311	8
2312	8
2313	3
2314	9
2315	3
2316	0
2317	1
2318	0
2319	7
2320	3
2321	9
2322	3
2323	4
2324	3
2325	7
2326	0
2327	9
2328	9
2329	1
2330	9
2331	4
2332	0
2333	7
2334	7
2335	2
2336	9
2337	1
2338	7
2339	4
2340	1
2341	4
2342	4
2343	3
2344	4
2345	0
2346	1
2347	0
2348	9
2349	0
2350	2
2351	9
2352	8
2353	0
2354	7
2355	4
2356	9
2357	3
2358	8
2359	3
2360	7
2361	6
2362	2
2363	3
2364	4
2365	9
2366	4
2367	0
2368	9
2369	4
2370	5
2371	0
2372	2
2373	3
2374	0
2375	0
2376	0
2377	4
2378	9
2379	7
2380	3
2381	2
2382	5
2383	7
2384	8
2385	0
2386	3
2387	4
2388	7
2389	0
2390	2
2391	5
2392	9
2393	7
2394	9
2395	7
2396	4
2397	9
2398	5
2399	9
